31484134
33634886
36989518
41916361
43198731
44089012
47843746
49495719
50135024
50257332
50300585
50519242
50522143
50544716
50592774
50733348
50826285
50834638
50942779
51034911
51044671
51059983
51075789
51075807
51111011
51126179
51128039
51130175
51150914
51153059
51179665
51191971
51297594
51312778
51317159
51335733
51340715
51347523
51386782
51389057
51391520
51392163
51393256
51401167
51402929
51403489
51407574
51419924
51420092
51477115
51488057
51508525
51517017
51517018
51518430
51524662
51534888
51535433
51536601
51540292
51540293
51565877
51567601
51569937
51571859
51587671
51594406
51594802
51595631
51595844
51611919
51614896
51619497
51648650
51653808
51655854
51659411
51660026
51661996
51667007
51672513
51679475
51681099
51688046
51695753
51703707
51703709
51706280
51708293
51709031
51712827
51715156
51715310
51717236
51719631
51732817
51733686
51734862
51740478
51740506
51740507
51742030
51744107
51759174
51762245
51762272
51762568
51765542
51768576
51773044
51831371
51831727
51838800
51838854
51838890
51846797
51848704
51851794
51851977
51852153
51860798
51864941
51868587
51869432
51874949
51876983
51881702
51885832
51886777
51887863
51889270
51889914
51890030
51895985
51897476
51899233
51907430
51909168
51910072
51911481
51911722
51917740
51934949
51934966
51935005
51935017
51935191
51935901
51936533
51936717
51939702
51939830
51941630
51941631
51946379
51947712
51957514
51960200
51960870
51963292
51965891
51965895
51967636
52004497
52013579
52013692
52016086
52016346
52016926
52024407
52026029
52026354
52029936
52031476
52033191
52034466
52035999
52036851
52054290
52054654
52059516
52061552
52061966
52062059
52062184
52066141
52070009
52075483
52082989
52084149
52085219
52086705
52086910
52087532
52088179
52088716
52088718
52090756
52092668
52096860
52107989
52107990
52107991
52108454
52108609
52109257
52110968
52113138
52113693
52114420
52126521
52128943
52136465
52136498
52145707
52164582
52164583
52168422
52184351
52190396
52210422
