101466317
101704478
1025644952
1026391929
103330400
1054566535
106001213
1061608757
1063706306
1064016932
1064017310
1065394191
1065516512
1065675933
1074599618
107605145
107740743
1079336813
1080335349
1081812124
1094639459
1097866391
110048908
111073714
111073796
1132082241
113221319
1137868670
1139764114
1139872305
1139885431
1142129930
1142130315
1144021787
11474859
1149549320
1153815239
1158420036
1158706461
1160947264
1168008913
1172298985
1179495885
1179504143
1179506683
1179609449
1180791963
1180792420
1180795852
1180796337
1180920897
1181051388
1181057765
1181164589
1181193583
1184540989
1184970929
11922945
1209467513
1209467583
1209467662
1209613283
1209975205
1210691116
1211041311
1212537058
146434735
146459740
149130598
150482025
151695765
154589446
156440861
157145953
158049570
158221880
158223831
158224178
158224296
158224335
158224469
158224592
158224953
158225088
158225158
158225349
158225480
158225563
158225866
158226020
158226237
158226247
158226589
158226645
158226697
159470021
159470116
1679071
169673226
174803438
208466266
238238498
2573977
2574962
2574965
2676373
2676586
2676953
2677097
291162557
320001004
325040007
3344648
3842620
3850607
3850665
436815276
448234737
4637712
4720488
4876538
49
571929833
577505197
61470767
618326972
618777210
623521656
626966592
66034298
661349819
671894983
67534892
67691546
688865299
68922143
696005328
729750867
7386899
76182059
765363046
773195337
78041603
788700866
79316075
794344429
79486626
79487138
79487390
79490229
79490276
79491317
797276286
799158503
80202238
802336660
80699522
81852466
81952675
81983404
81998266
82241378
825219293
82543613
826403055
82914609
829906546
832225472
832226225
832227909
83409225
83443504
83625701
837803163
84665911
856364905
85684453
858866279
85933957
85935274
86382067
86591139
86782548
87109788
87336382
87811002
88082089
902306817
902923516
904463323
904464558
913487155
91615075
920428288
935734052
941119415
943065870
945435329
945460735
9458021
945969391
946945296
947096812
951897805
952823398
976143654
9883340
999067574
